nfact   epochs  other       HR@20       HR@100      NDCG@20     NDCG@100
20      5                   0.0888597   0.239586    0.0381702   0.0651098
30      5                   0.0916988   0.242765    0.0386927   0.0657488
100     5       normaldist  0.0905971   0.241409    0.0391035   0.0660969
100     5       -1 -> 0.5   0..0740709  0.208695    0.0284215   0.0523634
100     1                   0.0789864   0.235815    0.0335052   0.0614634
100     2                   0.0808509   0.235773    0.0346461   0.0623891
100     3                   0.0806814   0.234968    0.0344782   0.0620802
100     4                   0.0797068   0.233612    0.0337869   0.0613045
100     5                   0.0781813   0.232086    0.0330795   0.0605504
100     5       old         0.09636     0.247087    0.0408829   0.0678157
